# id	left	top	right	bottom	texture_id
[SPRITES]
#IDLE
10101	742	26	765	59	1
10102	610	26	635	59	1

#WALKING RIGHT
10201	25	24	44	59	1
10202	90	27	110	58	1
10203	157	25	173	59	1
10204	220	25	238	59	1
10205	285	27	305	58	1
10206	353	24	369	59	1

#WALKING LEFT
10301	399	43	415	78	5
10302	379	43	398	78	5
10303	358	47	378	78	5
10304	341	44	357	78	5
10305	322	44	340	78	5

#JUMP
10401	805	98	821	118	1
10402	868	99	887	115	1
10403	935	96	951	116	1
10404	999	99	1018	115	1

#JUMP LEFT
10601	283	52	299	72	5
10602	261	54	281	70	5
10603	243	52	259	72	5
10604	221	54	241	70	5

#SWIM
10501	25	167	41	180	1
10502	90	160	106	175	1
10503	155	159	171	174	1
10504	220	157	245	173	1
10505	285	156	310	173	1
10506	350	156	369	173	1
10507	415	155	434	173	1
10508	480	146	497	173	1
10509	545	145	562	173	1
10510	610	167	626	174	1
10511	675	166	691	173	1
10512	740	167	756	183	1

#SWIM LEFT
10701	399	310	415	323	5
10702	382	312	398	319	5
10703	365	311	381	318	5
10704	348	304	364	319	5
10705	331	303	347	318	5
10706	305	300	330	316	5
10707	285	299	304	316	5
10708	267	289	284	316	5



# ani_id	sprite1_id	time1	sprite2_id	time2	...
[ANIMATIONS]
101	10101	100	10102	100
102	10201	100	10202	100	10203	100	10204	100	10205	100	10206	100
103	10301	100	10302	100	10303	100	10304	100	10305	100
104	10401	100	10402	100	10403	100	10404	100
105	10501	100	10502	100	10503	100	10504	100	10505	100	10506	100	10507	100	10508	100	10509	100	10510	100	10511	100	10512	100
106	10601	100	10602	100	10603	100	10604	100
107	10701	100	10702	100	10703	100	10704	100	10705	100	10706	100	10707	100	10708	100
