# id	left	top	right	bottom	texture_id
[SPRITES]
#Run-right
110001	157	16	175	50	3
110002	174	18	192	50	3
110003	191	17	209	49	3
110004	192	17	208	49	3
110005	209	17	225	49	3
110006	226	18	242	49	3
#shoot-right				
110101	244	17	259	49	3
110102	260	17	285	49	3
110103	286	18	311	49	3
#lay-right				
110201	312	35	344	49	3
110202	345	36	377	50	3
#jump-right				
110301	378	17	394	45	3
110302	395	17	411	45	3
#run-left				
110401	733	16	751	50	3
110402	716	16	734	50	3
110403	700	16	718	50	3
#idle
110501	157	16	175	50	3
110502	174	18	192	50	3
#die
110601	378	17	394	45	3
110602	395	17	411	45	3
110603	434	263	458	287	3
110604	465	261	493	289	3
110605	496	259	528	291	3	

# ani_id	sprite1_id	time1	sprite2_id	time2	...
[ANIMATIONS]
1100	110001	100	110002	100	110003	100	110004	100	110005	100	110006	100
1101	110101	100	110102	100	110103	100
1102	110201	100	110202	100
1103	110301	100	110302	100
1104	110001	100	110002	100	110003	100	110004	100	110005	100	110006	100
1105	110501	100	110502	100
1106	110601	100	110602	100	110603	100	110604	100	110605	100